220,1
2,1
229,71
229,70
229,69
229,68
229,67
229,66
229,65
229,64
229,55
229,54
229,53
229,52
229,49
229,46
229,44
229,43
229,42
229,41
229,38
229,37
229,33
229,32
229,22
229,10
229,31
229,28
229,27
229,26
229,25
229,24
229,21
229,20
229,19
229,18
229,17
229,16
229,15
229,14
229,13
229,12
229,11
229,6
229,3
229,2
229,1
229,0
226,3
220,18
220,17
220,16
220,15
220,12
220,11
220,14
220,13
220,10
220,8
220,7
220,6
220,5
220,4
220,3
220,2
220,0
211,11
211,10
211,9
211,8
211,7
211,5
211,4
211,1
2,5
2,4
2,3
2,2
2,0
1,3
0,705
0,556
0,424
0,423
0,422
0,421
0,420
0,419
0,418
0,417
0,416
0,415
0,413
0,411
0,374
0,340
0,243
0,0
0,1
0,549
0,300
0,346
0,299
0,359
0,706
0,298
0,344
0,297
0,307
0,436
0,296
0,358
0,295
0,343
0,294
0,339
0,293
0,338
0,292
0,334
0,435
0,291
0,330
0,290
0,554
0,289
0,518
0,288
0,445
0,396
0,287
0,414
0,286
0,536
0,395
0,285
0,522
0,565
0,284
0,548
0,283
0,364
0,282
0,521
0,281
0,515
0,393
0,280
0,323
0,394
0,279
0,355
0,434
0,278
0,381
0,389
0,277
0,380
0,387
0,276
0,547
0,275
0,379
0,274
0,378
0,273
0,537
0,272
0,516
0,271
0,354
0,270
0,352
0,269
0,546
0,268
0,309
0,385
0,267
0,345
0,384
0,266
0,545
0,265
0,351
0,264
0,377
0,263
0,575
0,574
0,262
0,534
0,261
0,376
0,260
0,328
0,573
0,259
0,350
0,258
0,335
0,257
0,326
0,256
0,535
0,563
0,255
0,543
0,572
0,254
0,318
0,253
0,325
0,433
0,447
222,54
222,55
222,56
222,57
222,58
222,59
222,61
222,62
222,70
222,71
222,73
222,74
222,76
222,78
222,79
211,6
222,80
222,82
222,84
222,85
222,87
222,88
222,90
222,91
222,93
222,95
222,96
222,98
222,99
222,101
222,103
222,104
222,106
222,107
222,109
222,110
222,112
222,114
222,115
222,117
222,128
222,130
222,132
222,133
222,135
222,136
222,138
222,140
222,141
222,143
222,144
222,146
222,147
222,149
222,151
222,152
222,154
222,155
222,157
222,159
222,160
222,162
222,163
222,165
222,166
222,168
222,170
222,171
222,173
222,174
222,176
222,178
222,179
222,181
222,182
222,192
222,193
222,195
222,197
222,198
222,200
222,201
222,203
222,205
222,206
222,208
222,209
222,211
222,212
222,214
222,216
222,217
222,219
222,220
222,222
222,224
222,225
222,227
222,228
222,230
222,232
222,233
222,235
222,236
222,238
222,239
222,241
222,243
222,244
222,246
222,247
222,256
222,258
222,259
222,261
222,262
222,264
222,265
222,267
222,269
222,270
222,272
222,273
222,275
222,277
222,278
222,280
222,281
222,283
222,284
222,286
222,288
222,289
222,291
222,292
222,294
222,296
222,297
222,299
222,300
222,302
222,304
222,305
222,307
222,308
222,310
222,320
222,322
222,324
222,325
222,327
222,328
222,330
222,332
222,333
222,335
222,336
222,338
222,339
222,341
222,343
222,344
222,346
222,347
222,349
222,351
222,352
222,354
222,355
222,357
222,358
222,360
222,362
222,363
222,365
222,366
222,368
222,370
222,371
222,373
222,374
222,376
222,377
222,379
222,381
222,382
222,384
222,385
222,387
222,389
222,390
222,392
222,393
222,395
222,397
222,398
222,400
222,401
222,403
222,404
222,406
222,408
4,3
222,410
222,411
222,413
222,415
222,416
222,418
222,419
222,421
222,422
222,424
222,426
222,427
222,429
222,430
222,432
222,434
222,435
222,437
222,438
222,440
222,448
222,450
222,452
222,453
222,455
222,456
222,458
222,460
222,461
222,463
222,464
222,466
222,468
222,469
222,471
222,472
222,474
222,475
222,477
222,479
222,480
222,482
222,483
222,485
222,487
222,488
222,490
222,491
222,493
222,494
222,496
222,498
222,499
222,501
222,502
222,512
222,514
222,515
222,517
222,518
222,520
222,521
222,523
222,525
222,526
222,528
222,529
222,531
222,533
222,534
222,536
222,537
222,539
222,541
222,542
222,544
222,545
222,547
222,548
222,550
222,552
222,553
222,555
222,556
222,558
222,560
222,561
222,563
222,564
222,566
222,567
222,569
222,577
222,578
222,580
222,581
222,583
222,585
222,586
222,588
222,589
222,591
222,592
222,594
222,596
222,597
222,599
222,600
222,602
222,604
222,605
222,607
222,608
222,610
222,611
222,613
222,615
222,616
222,618
222,619
222,621
222,623
222,624
222,626
222,627
222,629
222,631
222,632
222,640
222,641
222,643
222,644
222,646
222,648
222,649
222,651
222,652
222,654
222,656
222,657
222,659
222,660
222,662
222,663
222,665
222,667
222,668
222,670
222,671
222,673
222,675
222,676
222,678
222,679
222,681
222,682
222,684
222,686
222,687
222,689
222,704
222,706
222,708
222,709
222,711
222,712
222,714
222,716
222,717
222,719
222,720
222,722
222,723
222,725
222,727
222,728
222,730
222,731
222,733
222,735
222,736
222,738
222,739
222,741
222,742
222,744
222,746
222,747
222,749
222,750
222,752
222,754
222,755
222,757
222,758
222,768
222,769
222,771
222,773
222,774
222,776
222,777
222,779
222,781
222,782
222,784
222,785
222,787
222,788
222,790
222,792
222,793
222,795
222,796
222,798
222,800
222,801
222,803
222,804
222,806
222,808
222,809
222,811
222,812
222,814
222,815
222,817
222,819
222,820
222,822
222,823
222,832
222,834
222,835
222,837
222,838
222,840
222,841
222,843
222,845
222,846
222,848
222,849
222,851
222,853
222,854
222,856
222,857
222,859
222,860
222,862
222,864
222,865
222,867
222,868
222,870
222,872
222,873
222,875
222,876
222,878
222,880
222,881
222,883
222,884
222,886
222,887
222,896
222,898
222,899
222,901
222,902
222,904
222,906
222,907
222,909
222,910
222,912
222,913
222,915
222,917
222,918
222,920
222,921
222,923
222,925
222,926
222,928
222,929
222,931
222,932
222,934
222,936
222,937
222,939
222,940
222,942
222,944
222,960
223,1
223,2
223,4
223,5
223,7
223,9
223,10
223,12
223,13
223,15
223,17
223,18
223,20
223,21
223,23
223,25
223,26
223,28
223,29
223,31
223,32
223,34
223,36
223,37
224,0
224,1
224,3
224,5
224,6
224,8
225,0
225,2
225,3
225,5
225,7
225,8
226,1
226,2
226,5
227,1
227,2
227,4
227,5
228,0
228,1
228,3
228,5
228,6
228,8
228,9
228,11
229,4
229,5
229,8
229,9
229,30
229,36
229,39
229,45
229,47
229,50
229,51
229,58
230,0
230,1
230,3
230,4
231,1
231,3
231,4
232,0
232,1
232,3
232,4
232,6
232,8
232,9
232,11
232,12
232,14
232,16
232,17
232,19
232,20
232,22
232,23
232,25
232,27
232,28
232,30
232,31
232,33
232,35
232,36
232,38
232,39
232,41
232,43
232,44
232,46
232,47
232,49
232,50
232,52
232,54
232,55
232,57
232,58
232,60
232,62
232,63
232,65
232,66
232,68
232,69
232,71
232,73
232,74
232,76
232,77
232,79
232,81
232,82
232,84
232,128
232,130
232,131
232,129
232,83
232,80
232,78
232,75
232,72
232,70
232,67
232,64
232,61
232,59
232,56
232,53
232,51
232,48
232,45
232,42
232,40
232,37
232,34
232,32
232,29
232,26
232,24
232,21
232,18
232,15
232,13
232,10
232,7
232,5
232,2
231,5
231,2
231,0
230,2
229,59
229,56
229,48
229,40
229,35
229,29
229,7
228,12
228,10
228,7
228,4
228,2
227,6
227,3
227,0
226,4
226,0
225,6
225,4
225,1
224,7
224,4
224,2
223,38
223,35
223,33
223,30
223,27
223,24
223,22
223,19
223,16
223,14
223,11
223,8
223,6
223,3
223,0
222,943
222,941
222,938
222,935
222,933
222,930
222,927
222,924
222,922
222,919
222,916
222,914
222,911
222,908
222,905
222,903
222,900
222,897
222,888
222,885
222,882
222,879
222,877
222,874
222,871
222,869
222,866
222,863
222,861
222,858
222,855
222,852
222,850
222,847
222,844
222,842
222,839
222,836
222,833
222,824
222,821
222,818
222,816
222,813
222,810
222,807
222,805
222,802
222,799
222,797
222,794
222,791
222,789
222,786
222,783
222,780
222,778
222,775
222,772
222,770
222,759
222,756
222,753
222,751
222,748
222,745
222,743
222,740
222,737
222,734
222,732
222,729
222,726
222,724
222,721
222,718
222,715
222,713
222,710
222,707
222,705
222,688
222,685
222,683
222,680
222,677
222,674
222,672
222,669
222,666
222,664
222,661
222,658
222,655
222,653
222,650
222,647
222,645
222,642
222,633
222,630
222,628
222,625
222,622
222,620
222,617
222,614
222,612
222,609
222,606
222,603
222,601
222,598
222,595
222,593
222,590
222,587
222,584
222,582
222,579
222,576
222,568
222,565
222,562
222,559
222,557
222,554
222,551
222,549
222,546
222,543
222,540
222,538
222,535
222,532
222,530
222,527
222,524
222,522
222,519
222,516
222,513
222,503
222,500
222,497
222,495
222,492
222,489
222,486
222,484
222,481
222,478
222,476
222,473
222,470
222,467
222,465
222,462
222,459
222,457
222,454
222,451
222,449
222,439
222,436
222,433
222,431
222,428
222,425
222,423
222,420
222,417
222,414
222,412
222,409
222,407
222,405
222,402
222,399
222,396
222,394
222,391
222,388
222,386
222,383
222,380
222,378
222,375
222,372
222,369
222,367
222,364
222,361
222,359
222,356
222,353
222,350
222,348
222,345
222,342
222,340
222,337
222,334
222,331
222,329
222,326
222,323
222,321
222,309
222,306
222,303
222,301
222,298
222,295
222,293
222,290
222,287
222,285
222,282
222,279
222,276
222,274
222,271
222,268
222,266
222,263
222,260
222,257
222,248
222,245
222,242
222,240
222,237
222,234
222,231
222,229
222,226
222,223
222,221
222,218
222,215
222,213
222,210
222,207
222,204
222,202
222,199
222,196
222,194
222,183
222,180
222,177
222,175
222,172
222,169
222,167
222,164
222,161
222,158
222,156
222,153
222,150
222,148
222,145
222,142
222,139
222,137
222,134
222,131
222,129
222,116
222,113
222,111
222,108
222,105
222,102
222,100
222,97
222,94
222,92
222,89
222,86
222,83
222,81
211,3
222,77
222,75
222,72
222,63
222,60
0,431
0,391
0,386
222,53
222,52
0,446
222,51
0,365
222,50
0,336
222,49
0,382
222,48
222,47
222,46
0,9
222,45
222,44
222,43
222,42
222,41
222,40
222,7
222,6
222,5
0,564
222,4
0,407
0,400
0,314
0,252
0,375
0,251
0,533
0,250
0,324
0,249
0,514
0,248
0,373
0,247
0,333
0,246
0,531
0,245
0,372
0,432
0,244
0,430
0,405
0,242
0,349
0,429
0,241
0,539
0,562
0,240
0,538
0,239
0,529
0,404
0,238
0,528
0,428
0,237
0,513
0,236
0,383
0,704
0,235
0,530
0,234
0,520
0,233
0,362
0,561
0,232
0,348
0,403
0,231
0,544
0,230
0,540
0,427
0,229
0,347
0,228
0,363
0,426
0,227
0,438
0,390
0,226
0,337
0,425
0,225
0,527
0,224
0,317
0,223
0,367
0,319
0,222
0,532
0,221
0,560
0,220
0,366
0,219
0,553
0,218
0,526
0,217
0,552
0,216
0,361
0,215
0,412
0,214
0,569
0,402
0,213
0,322
0,301
0,212
0,512
0,408
0,211
0,559
0,444
0,210
0,342
0,209
0,371
0,208
0,357
0,207
0,525
0,206
0,524
0,205
0,558
0,204
0,557
0,443
0,203
0,517
0,401
0,202
0,332
0,201
0,360
0,200
0,321
0,442
0,199
0,542
0,198
0,320
0,197
0,312
0,196
0,523
0,195
0,551
0,441
0,194
0,519
0,193
0,388
0,571
0,192
0,313
0,406
0,63
0,370
0,440
0,62
0,316
0,570
0,61
0,369
0,410
0,60
0,311
0,409
0,59
0,555
0,439
0,58
0,329
0,57
0,567
0,437
0,56
0,566
0,568
0,55
0,541
0,54
0,308
0,53
0,368
0,52
0,341
0,51
0,310
0,399
0,50
0,550
0,49
0,327
0,48
0,315
0,398
0,47
0,331
0,397
0,46
0,356
0,45
0,353
0,6
0,5
0,304
0,303
0,306
0,305
0,302
0,12
0,392
0,10
0,8
0,11
0,4
0,2
0,3
0,7
